[bee fuel to go around the world.jpg]
filters=enhance=1;autolight=1;finetune2=1,0.076023,0.022456,0.081404,00000000,0.000000;
moddate=9bd31bedb314d101
width=1940
height=1450
textactive=0
